time: 5.421968000009656e-05 s,           s.twoSum([-1, -2, -3, -4, -5], -8)
time: 0.0014781593499999873 s,           s.twoSum([1,1,1,1,1,3,2,4], 6)
time: 8.975119000006089e-05 s,           s.twoSum([1,1,1,1,1,4,1,1,1,1,1,7,1,1,1,1,1], 11)
---
time: 5.4105579999995824e-05 s,          s.twoSum([-1, -2, -3, -4, -5], -8)
time: 0.0014590877679999904 s,           s.twoSum([1,1,1,1,1,3,2,4], 6)
time: 8.30601519999982e-05 s,            s.twoSum([1,1,1,1,1,4,1,1,1,1,1,7,1,1,1,1,1], 11)

---

time: 5.217287799998303e-05 s,           s.twoSum([-1, -2, -3, -4, -5], -8)
time: 0.0034825189880000108 s,           s.twoSum([1,1,1,1,1,3,2,4], 6)